                   n                    p                    t                    s
1 70.3918434788435 337.639230839845 159.474305932511 
2 119.83751398862 204.015537159344 147.896855045528 
3 133.857580782498 173.303172366379 147.006111310459 
4 139.301372116719 161.926525573982 146.843089935807 
5 141.925711887046 156.539826362481 146.797083378858 
6 143.380255488402 153.580376574439 146.780295850414 
7 144.267377406933 151.784351024709 146.773035279525 
8 144.847263467677 150.613948845351 146.769491926902 
9 145.246716080869 149.809365680298 146.767599280679 
10 145.533387904313 149.232769124764 146.766514977797 
11 145.746002305765 148.805569475418 146.765858028982 
12 145.908004055925 148.48031603142 146.76544138109 
13 146.034253899304 148.226992852166 146.765166883592 
14 146.134538076429 148.025864215821 146.764980122893 
15 146.215512482806 147.863523545809 146.764849503807 
16 146.281830834155 147.730606156514 146.764755941608 
17 146.336825768193 147.620410988879 146.764687508421 
18 146.382934346012 147.528040880583 146.764636524203 
19 146.421971921447 147.449849895297 146.76459791273 
20 146.455313102626 147.383078514539 146.76456823993 
21 146.484014140617 147.325607120515 146.764545133916 
22 146.508897443102 147.275785890591 146.764526925599 
23 146.530611034823 147.232315191773 146.764512420473 
24 146.549671103898 147.194160043672 146.764500750489 
25 146.566492915744 147.160487996401 146.764491275963 
26 146.58141359127 147.130623375735 146.764483519425 
27 146.594709106792 147.104013147237 146.764477120273 
28 146.606607131729 147.080201146125 146.764471803194 
29 146.617296829019 147.058808409576 146.764467355872 
30 146.626936412402 147.039518014307 146.764463613037 
31 146.635659028596 147.022063277587 146.764460444926 
32 146.643577375565 147.006218495334 146.764457748821 
33 146.650787357939 146.991791612518 146.764455442799 
34 146.657371002311 146.978618378536 146.764453461053 
35 146.663398798827 146.966557653462 146.764451750372 
36 146.668931594539 146.955487613298 146.764450267459 
37 146.674022133961 146.945302662699 146.764448976874 
38 146.678716319983 146.935910908372 146.764447849446 
39 146.68305425169 146.927232079734 146.764446861038 
40 146.687071083078 146.919195808582 146.764445991579 
41 146.69079773712 146.911740198654 146.764445224298 
42 146.694261502393 146.904810630566 146.764444545117 
43 146.697486533816 146.898358758889 146.764443942174 
44 146.700494274713 146.892341666847 146.764443405424 
45 146.703303814025 146.886721150962 146.764442926338 
46 146.705932189807 146.881463113298 146.764442497637 
47 146.708394648044 146.876537043199 146.764442113096 
48 146.710704864157 146.871915573785 146.764441767366 
49 146.712875133207 146.867574101107 146.764441455841 
50 146.714916533771 146.863490456072 146.764441174538 
51 146.716839069549 146.859644620923 146.764440920007 
52 146.718651792121 146.856018483503 146.764440689248 
53 146.720362907644 146.85259562365 146.764440479646 
54 146.721979869864 146.849361127014 146.764440288914 
55 146.723509461404 146.846301422346 146.764440115052 
56 146.724957864984 146.843404138927 146.764439956299 
57 146.726330725982 146.840657981354 146.764439811106 
58 146.727633207514 146.838052619298 146.764439678109 
59 146.728870039034 146.835578590221 146.764439556096 
60 146.730045559321 146.833227213355 146.764439443999 
61 146.731163754571 146.830990513453 146.764439340865 
62 146.732228292225 146.828861153091 146.764439245848 
63 146.733242551079 146.826832372419 146.764439158192 
64 146.734209648114 146.82489793545 146.764439077226 
65 146.735132462469 146.823052082094 146.764439002344 
66 146.736013656896 146.821289485229 146.764438933007 
67 146.736855696978 146.81960521223 146.764438868728 
68 146.737660868397 146.817994690423 146.764438809073 
69 146.738431292458 146.816453676023 146.764438753646 
70 146.739168940069 146.814978226144 146.764438702094 
71 146.739875644361 146.813564673566 146.764438654096 
72 146.740553112084 146.812209603919 146.764438609362 
73 146.741202933919 146.81090983505 146.764438567629 
74 146.741826593824 146.80966239833 146.764438528659 
75 146.742425477512 146.808464521683 146.764438492236 
76 146.743000880153 146.807313614177 146.764438458161 
77 146.743554013382 146.806207252006 146.764438426256 
78 146.74408601168 146.805143165712 146.764438396357 
79 146.744597938199 146.804119228547 146.764438368315 
80 146.745090790074 146.80313344583 146.764438341993 
81 146.74556550328 146.802183945235 146.764438317265 
82 146.746022957083 146.801268967887 146.764438294018 
83 146.74646397811 146.800386860216 146.764438272146 
84 146.746889344089 146.79953606648 146.764438251552 
85 146.747299787274 146.798715121899 146.764438232149 
86 146.747695997605 146.797922646352 146.764438213854 
87 146.748078625605 146.797157338567 146.764438196593 
88 146.748448285053 146.79641797078 146.764438180295 
89 146.748805555444 146.795703383806 146.764438164898 
90 146.749150984266 146.795012482494 146.764438150342 
91 146.749485089094 146.794344231529 146.764438136573 
92 146.749808359533 146.793697651552 146.764438123539 
93 146.75012125901 146.793071815568 146.764438111196 
94 146.750424226436 146.792465845622 146.764438099498 
95 146.75071767775 146.79187890972 146.764438088407 
96 146.75100200734 146.791310218971 146.764438077884 
97 146.751277589375 146.790759024934 146.764438067895 
98 146.751544779033 146.790224617157 146.764438058408 
99 146.751803913647 146.789706320883 146.764438049392 
100 146.752055313771 146.789203494922 146.764438040821 
101 146.75229928417 146.788715529664 146.764438032668 
102 146.752536114745 146.788241845236 146.764438024909 
103 146.752766081395 146.787781889773 146.764438017521 
104 146.752989446818 146.787335137812 146.764438010483 
105 146.753206461267 146.786901088791 146.764438003775 
106 146.753417363246 146.786479265647 146.764437997379 
107 146.753622380167 146.786069213502 146.764437991278 
108 146.753821728964 146.785670498439 146.764437985456 
109 146.754015616668 146.785282706354 146.764437979897 
110 146.754204240943 146.784905441875 146.764437974587 
111 146.754387790588 146.784538327362 146.764437969513 
112 146.754566446016 146.784181001956 146.764437964663 
113 146.75474037969 146.783833120691 146.764437960024 
114 146.754909756545 146.783494353668 146.764437955586 
115 146.755074734376 146.783164385265 146.764437951339 
116 146.755235464205 146.782842913406 146.764437947272 
117 146.755392090632 146.782529648867 146.764437943377 
118 146.755544752154 146.782224314628 146.764437939645 
119 146.755693581473 146.781926645257 146.764437936068 
120 146.755838705787 146.781636386338 146.764437932637 
121 146.755980247061 146.78135329392 146.764437929347 
122 146.75611832228 146.781077134012 146.76443792619 
123 146.756253043694 146.780807682093 146.76443792316 
124 146.756384519047 146.780544722659 146.764437920251 
125 146.756512851789 146.780288048791 146.764437917456 
126 146.756638141283 146.780037461749 146.764437914771 
127 146.756760482994 146.779792770585 146.764437912191 
128 146.756879968674 146.779553791782 146.76443790971 
129 146.756996686534 146.779320348905 146.764437907324 
130 146.757110721403 146.779092272281 146.764437905029 
131 146.757222154887 146.778869398688 146.764437902821 
132 146.757331065511 146.778651571062 146.764437900695 
133 146.757437528862 146.778438638221 146.764437898648 
134 146.757541617713 146.778230454604 146.764437896677 
135 146.757643402157 146.778026880019 146.764437894778 
136 146.757742949717 146.77782777941 146.764437892948 
137 146.757840325459 146.777633022633 146.764437891184 
138 146.757935592105 146.77744248424 146.764437889483 
139 146.758028810124 146.77725604328 146.764437887843 
140 146.758120037838 146.777073583107 146.764437886261 
141 146.758209331504 146.776894991194 146.764437884734 
142 146.758296745409 146.776720158964 146.76443788326 
143 146.758382331946 146.776548981622 146.764437881838 
144 146.758466141696 146.776381358001 146.764437880464 
145 146.758548223502 146.776217190408 146.764437879137 
146 146.758628624541 146.776056384485 146.764437877856 
147 146.75870739039 146.775898849071 146.764437876617 
148 146.758784565091 146.775744496077 146.76443787542 
149 146.758860191214 146.775593240358 146.764437874262 
150 146.758934309916 146.775444999597 146.764437873143 
151 146.759006960992 146.775299694196 146.76443787206 
152 146.759078182937 146.775157247165 146.764437871013 
153 146.759148012989 146.775017584022 146.76443787 
154 146.759216487181 146.774880632694 146.764437869019 
155 146.75928364039 146.774746323427 146.764437868069 
156 146.759349506377 146.774614588696 146.76443786715 
157 146.75941411783 146.774485363118 146.764437866259 
158 146.759477506409 146.774358583373 146.764437865397 
159 146.759539702779 146.774234188126 146.764437864561 
160 146.759600736651 146.774112117952 146.764437863752 
161 146.759660636817 146.773992315267 146.764437862967 
162 146.75971943118 146.773874724257 146.764437862206 
163 146.759777146794 146.773759290817 146.764437861468 
164 146.759833809887 146.773645962485 146.764437860753 
165 146.759889445897 146.773534688383 146.764437860059 
166 146.759944079497 146.773425419163 146.764437859386 
167 146.759997734624 146.773318106949 146.764437858733 
168 146.760050434506 146.773212705284 146.764437858099 
169 146.760102201683 146.773109169084 146.764437857483 
170 146.760153058035 146.773007454587 146.764437856886 
171 146.760203024807 146.772907519303 146.764437856306 
172 146.760252122624 146.772809321979 146.764437855742 
173 146.760300371519 146.772712822546 146.764437855195 
174 146.760347790952 146.772617982086 146.764437854663 
175 146.760394399825 146.772524762789 146.764437854147 
176 146.760440216509 146.772433127916 146.764437853645 
177 146.760485258853 146.772343041763 146.764437853157 
178 146.760529544211 146.772254469625 146.764437852682 
179 146.760573089449 146.772167377765 146.764437852221 
180 146.760615910969 146.77208173338 146.764437851772 
181 146.760658024719 146.771997504571 146.764437851336 
182 146.760699446212 146.771914660312 146.764437850912 
183 146.760740190537 146.771833170423 146.764437850499 
184 146.760780272374 146.771753005543 146.764437850097 
185 146.760819706009 146.7716741371 146.764437849706 
186 146.760858505344 146.771596537289 146.764437849326 
187 146.760896683909 146.771520179047 146.764437848955 
188 146.760934254877 146.771445036029 146.764437848594 
189 146.760971231073 146.771371082584 146.764437848243 
190 146.761007624984 146.771298293735 146.764437847901 
191 146.761043448774 146.771226645156 146.764437847568 
192 146.761078714287 146.771156113155 146.764437847243 
193 146.761113433065 146.771086674651 146.764437846927 
194 146.761147616351 146.771018307155 146.764437846619 
195 146.761181275101 146.770950988754 146.764437846319 
196 146.761214419992 146.770884698095 146.764437846026 
197 146.76124706143 146.770819414362 146.764437845741 
198 146.761279209561 146.770755117265 146.764437845463 
199 146.761310874276 146.770691787023 146.764437845191 
200 146.761342065217 146.770629404346 146.764437844927 
201 146.76137279179 146.770567950426 146.764437844669 
202 146.761403063167 146.770507406917 146.764437844417 
203 146.761432888295 146.770447755924 146.764437844172 
204 146.761462275903 146.770388979991 146.764437843932 
205 146.761491234506 146.770331062084 146.764437843698 
206 146.761519772414 146.770273985584 146.76443784347 
207 146.761547897736 146.770217734271 146.764437843248 
208 146.761575618388 146.770162292315 146.764437843031 
209 146.761602942096 146.770107644263 146.764437842818 
210 146.761629876402 146.770053775029 146.764437842611 
211 146.761656428671 146.770000669884 146.764437842409 
212 146.761682606094 146.769948314446 146.764437842211 
213 146.761708415693 146.769896694669 146.764437842019 
214 146.761733864328 146.769845796834 146.76443784183 
215 146.761758958698 146.769795607542 146.764437841646 
216 146.761783705349 146.769746113702 146.764437841466 
217 146.761808110674 146.769697302524 146.764437841291 
218 146.761832180923 146.769649161511 146.764437841119 
219 146.761855922201 146.769601678451 146.764437840951 
220 146.761879340476 146.769554841409 146.764437840787 
221 146.761902441581 146.769508638718 146.764437840626 
222 146.761925231217 146.769463058975 146.76443784047 
223 146.761947714959 146.769418091031 146.764437840317 
224 146.761969898257 146.769373723986 146.764437840167 
225 146.76199178644 146.76932994718 146.76443784002 
226 146.76201338472 146.769286750191 146.764437839877 
227 146.762034698193 146.769244122824 146.764437839736 
228 146.762055731845 146.769202055107 146.764437839599 
229 146.762076490554 146.769160537287 146.764437839465 
230 146.76209697909 146.76911955982 146.764437839334 
231 146.762117202122 146.769079113372 146.764437839205 
232 146.762137164217 146.769039188806 146.76443783908 
233 146.762156869844 146.768999777181 146.764437838957 
234 146.76217632338 146.76896086975 146.764437838836 
235 146.762195529104 146.768922457947 146.764437838718 
236 146.762214491209 146.768884533391 146.764437838603 
237 146.762233213797 146.768847087875 146.76443783849 
238 146.762251700886 146.768810113365 146.764437838379 
239 146.762269956409 146.768773601995 146.764437838271 
240 146.762287984216 146.768737546063 146.764437838165 
241 146.76230578808 146.768701938024 146.764437838061 
242 146.762323371694 146.768666770491 146.764437837959 
243 146.762340738676 146.768632036227 146.76443783786 
244 146.76235789257 146.768597728146 146.764437837762 
245 146.762374836848 146.768563839302 146.764437837666 
246 146.762391574912 146.768530362893 146.764437837573 
247 146.762408110094 146.768497292254 146.764437837481 
248 146.76242444566 146.768464620853 146.764437837391 
249 146.762440584809 146.768432342289 146.764437837302 
250 146.762456530679 146.76840045029 146.764437837216 
251 146.762472286343 146.768368938708 146.764437837131 
252 146.762487854814 146.768337801516 146.764437837048 
253 146.762503239047 146.768307032807 146.764437836967 
254 146.762518441936 146.768276626789 146.764437836887 
255 146.76253346632 146.768246577786 146.764437836809 
256 146.762548314984 146.768216880228 146.764437836732 
257 146.762562990656 146.768187528657 146.764437836657 
258 146.762577496014 146.768158517719 146.764437836583 
259 146.762591833683 146.768129842164 146.76443783651 
260 146.762606006238 146.768101496842 146.764437836439 
261 146.762620016204 146.768073476702 146.76443783637 
262 146.762633866058 146.768045776788 146.764437836301 
263 146.762647558232 146.768018392239 146.764437836234 
264 146.762661095109 146.767991318287 146.764437836168 
265 146.76267447903 146.767964550251 146.764437836104 
266 146.76268771229 146.767938083541 146.764437836041 
267 146.762700797142 146.767911913651 146.764437835978 
268 146.762713735797 146.767886036159 146.764437835917 
269 146.762726530424 146.767860446724 146.764437835857 
270 146.762739183154 146.767835141088 146.764437835799 
271 146.762751696077 146.767810115069 146.764437835741 
272 146.762764071245 146.767785364563 146.764437835684 
273 146.762776310672 146.767760885541 146.764437835629 
274 146.762788416338 146.767736674046 146.764437835574 
275 146.762800390183 146.767712726195 146.76443783552 
276 146.762812234115 146.767689038172 146.764437835468 
277 146.762823950007 146.767665606234 146.764437835416 
278 146.762835539697 146.767642426702 146.764437835365 
279 146.762847004991 146.767619495964 146.764437835315 
280 146.762858347663 146.767596810472 146.764437835266 
281 146.762869569456 146.767574366741 146.764437835218 
282 146.762880672082 146.767552161349 146.764437835171 
283 146.762891657221 146.767530190932 146.764437835124 
284 146.762902526525 146.767508452186 146.764437835079 
285 146.762913281617 146.767486941867 146.764437835034 
286 146.762923924093 146.767465656784 146.76443783499 
287 146.762934455518 146.767444593804 146.764437834947 
288 146.762944877432 146.767423749848 146.764437834904 
289 146.762955191348 146.76740312189 146.764437834862 
290 146.762965398754 146.767382706955 146.764437834821 
291 146.762975501111 146.76736250212 146.764437834781 
292 146.762985499855 146.767342504513 146.764437834741 
293 146.762995396399 146.767322711308 146.764437834702 
294 146.76300519213 146.76730311973 146.764437834663 
295 146.763014888414 146.76728372705 146.764437834626 
296 146.763024486591 146.767264530584 146.764437834589 
297 146.763033987981 146.767245527694 146.764437834552 
298 146.763043393881 146.767226715786 146.764437834516 
299 146.763052705567 146.76720809231 146.764437834481 
300 146.763061924291 146.767189654757 146.764437834446 
301 146.763071051288 146.76717140066 146.764437834412 
302 146.763080087771 146.767153327594 146.764437834379 
303 146.763089034932 146.767135433174 146.764437834346 
304 146.763097893944 146.767117715051 146.764437834313 
305 146.763106665963 146.767100170918 146.764437834281 
306 146.763115352122 146.767082798505 146.76443783425 
307 146.76312395354 146.767065595577 146.764437834219 
308 146.763132471314 146.767048559938 146.764437834189 
309 146.763140906526 146.767031689424 146.764437834159 
310 146.76314926024 146.767014981909 146.764437834129 
311 146.763157533501 146.766998435299 146.7644378341 
312 146.763165727339 146.766982047536 146.764437834072 
313 146.763173842769 146.766965816593 146.764437834044 
314 146.763181880787 146.766949740474 146.764437834016 
315 146.763189842375 146.766933817218 146.764437833989 
316 146.763197728498 146.766918044891 146.764437833962 
317 146.763205540107 146.766902421593 146.764437833936 
318 146.763213278139 146.766886945452 146.76443783391 
319 146.763220943514 146.766871614627 146.764437833884 
320 146.763228537138 146.766856427302 146.764437833859 
321 146.763236059906 146.766841381693 146.764437833835 
322 146.763243512695 146.766826476042 146.76443783381 
323 146.76325089637 146.766811708619 146.764437833786 
324 146.763258211785 146.766797077719 146.764437833763 
325 146.763265459777 146.766782581665 146.764437833739 
326 146.763272641172 146.766768218806 146.764437833717 
327 146.763279756785 146.766753987513 146.764437833694 
328 146.763286807415 146.766739886186 146.764437833672 
329 146.763293793852 146.766725913246 146.76443783365 
330 146.763300716873 146.76671206714 146.764437833629 
331 146.763307577243 146.766698346337 146.764437833607 
332 146.763314375715 146.76668474933 146.764437833586 
333 146.763321113032 146.766671274634 146.764437833566 
334 146.763327789925 146.766657920787 146.764437833546 
335 146.763334407115 146.766644686347 146.764437833526 
336 146.763340965312 146.766631569895 146.764437833506 
337 146.763347465213 146.766618570033 146.764437833487 
338 146.76335390751 146.766605685383 146.764437833468 
339 146.763360292879 146.766592914589 146.764437833449 
340 146.76336662199 146.766580256311 146.76443783343 
341 146.763372895502 146.766567709233 146.764437833412 
342 146.763379114063 146.766555272055 146.764437833394 
343 146.763385278315 146.766542943498 146.764437833376 
344 146.763391388887 146.766530722301 146.764437833359 
345 146.763397446402 146.766518607221 146.764437833342 
346 146.763403451471 146.766506597033 146.764437833325 
347 146.763409404697 146.766494690529 146.764437833308 
348 146.763415306678 146.766482886519 146.764437833291 
349 146.763421157997 146.766471183831 146.764437833275 
350 146.763426959235 146.766459581307 146.764437833259 
351 146.76343271096 146.766448077809 146.764437833243 
352 146.763438413735 146.766436672213 146.764437833228 
353 146.763444068114 146.76642536341 146.764437833212 
354 146.763449674642 146.766414150308 146.764437833197 
355 146.763455233858 146.766403031832 146.764437833182 
356 146.763460746292 146.766392006918 146.764437833168 
357 146.763466212469 146.76638107452 146.764437833153 
358 146.763471632905 146.766370233607 146.764437833139 
359 146.763477008107 146.766359483159 146.764437833125 
360 146.763482338579 146.766348822174 146.764437833111 
361 146.763487624815 146.766338249661 146.764437833097 
362 146.763492867303 146.766327764645 146.764437833083 
363 146.763498066524 146.766317366161 146.76443783307 
364 146.763503222954 146.766307053262 146.764437833057 
365 146.763508337061 146.766296825009 146.764437833044 
366 146.763513409307 146.76628668048 146.764437833031 
367 146.763518440146 146.766276618763 146.764437833018 
368 146.76352343003 146.766266638958 146.764437833006 
369 146.7635283794 146.766256740181 146.764437832994 
370 146.763533288695 146.766246921554 146.764437832981 
371 146.763538158346 146.766237182217 146.76443783297 
372 146.763542988778 146.766227521316 146.764437832958 
373 146.763547780413 146.766217938013 146.764437832946 
374 146.763552533663 146.766208431478 146.764437832935 
375 146.763557248938 146.766199000894 146.764437832923 
376 146.763561926642 146.766189645453 146.764437832912 
377 146.763566567172 146.76618036436 146.764437832901 
378 146.763571170921 146.766171156828 146.76443783289 
379 146.763575738277 146.766162022083 146.764437832879 
380 146.763580269623 146.76615295936 146.764437832869 
381 146.763584765337 146.766143967902 146.764437832858 
382 146.763589225789 146.766135046965 146.764437832848 
383 146.76359365135 146.766126195813 146.764437832838 
384 146.763598042381 146.766117413721 146.764437832828 
385 146.763602399241 146.766108699972 146.764437832818 
386 146.763606722283 146.766100053858 146.764437832808 
387 146.763611011856 146.766091474681 146.764437832798 
388 146.763615268306 146.766082961753 146.764437832789 
389 146.763619491973 146.766074514392 146.764437832779 
390 146.763623683191 146.766066131928 146.76443783277 
391 146.763627842293 146.766057813696 146.764437832761 
392 146.763631969606 146.766049559043 146.764437832752 
393 146.763636065452 146.766041367323 146.764437832743 
394 146.763640130152 146.766033237896 146.764437832734 
395 146.763644164021 146.766025170134 146.764437832725 
396 146.763648167368 146.766017163413 146.764437832716 
397 146.763652140501 146.766009217121 146.764437832708 
398 146.763656083724 146.766001330649 146.764437832699 
399 146.763659997336 146.7659935034 146.764437832691 
400 146.763663881633 146.765985734782 146.764437832683 
401 146.763667736907 146.76597802421 146.764437832675 
402 146.763671563446 146.765970371108 146.764437832667 
403 146.763675361535 146.765962774907 146.764437832659 
404 146.763679131455 146.765955235042 146.764437832651 
405 146.763682873485 146.76594775096 146.764437832643 
406 146.763686587899 146.76594032211 146.764437832636 
407 146.763690274967 146.765932947951 146.764437832628 
408 146.763693934958 146.765925627947 146.764437832621 
409 146.763697568136 146.765918361569 146.764437832613 
410 146.763701174762 146.765911148295 146.764437832606 
411 146.763704755094 146.765903987608 146.764437832599 
412 146.763708309388 146.765896878999 146.764437832592 
413 146.763711837895 146.765889821963 146.764437832585 
414 146.763715340865 146.765882816004 146.764437832578 
415 146.763718818542 146.765875860628 146.764437832571 
416 146.763722271171 146.765868955352 146.764437832564 
417 146.76372569899 146.765862099693 146.764437832558 
418 146.763729102237 146.76585529318 146.764437832551 
419 146.763732481146 146.765848535341 146.764437832544 
420 146.763735835949 146.765841825716 146.764437832538 
421 146.763739166875 146.765835163845 146.764437832532 
422 146.763742474149 146.765828549278 146.764437832526 
423 146.763745757996 146.765821981567 146.764437832519 
424 146.763749018635 146.76581546027 146.764437832513 
425 146.763752256284 146.765808984952 146.764437832507 
426 146.763755471161 146.765802555181 146.764437832501 
427 146.763758663477 146.765796170531 146.764437832495 
428 146.763761833443 146.765789830581 146.764437832489 
429 146.763764981268 146.765783534915 146.764437832484 
430 146.763768107157 146.76577728312 146.764437832478 
431 146.763771211313 146.765771074791 146.764437832472 
432 146.763774293937 146.765764909525 146.764437832466 
433 146.763777355229 146.765758786925 146.764437832461 
434 146.763780395384 146.765752706599 146.764437832455 
435 146.763783414597 146.765746668157 146.76443783245 
436 146.763786413059 146.765740671217 146.764437832445 
437 146.76378939096 146.765734715398 146.76443783244 
438 146.763792348488 146.765728800326 146.764437832434 
439 146.763795285829 146.76572292563 146.764437832429 
440 146.763798203165 146.765717090942 146.764437832424 
441 146.763801100678 146.765711295902 146.764437832419 
442 146.763803978546 146.76570554015 146.764437832414 
443 146.763806836948 146.765699823331 146.764437832409 
444 146.763809676058 146.765694145096 146.764437832404 
445 146.76381249605 146.765688505098 146.764437832399 
446 146.763815297094 146.765682902995 146.764437832395 
447 146.763818079361 146.765677338448 146.76443783239 
448 146.763820843017 146.765671811121 146.764437832385 
449 146.763823588229 146.765666320685 146.764437832381 
450 146.763826315159 146.76566086681 146.764437832376 
451 146.763829023971 146.765655449174 146.764437832372 
452 146.763831714823 146.765650067455 146.764437832367 
453 146.763834387875 146.765644721338 146.764437832363 
454 146.763837043283 146.765639410508 146.764437832358 
455 146.763839681203 146.765634134656 146.764437832354 
456 146.763842301787 146.765628893476 146.76443783235 
457 146.763844905186 146.765623686664 146.764437832346 
458 146.763847491552 146.76561851392 146.764437832341 
459 146.763850061032 146.765613374949 146.764437832337 
460 146.763852613772 146.765608269455 146.764437832333 
461 146.763855149918 146.765603197151 146.764437832329 
462 146.763857669614 146.765598157747 146.764437832325 
463 146.763860173001 146.765593150961 146.764437832321 
464 146.763862660221 146.765588176511 146.764437832317 
465 146.76386513141 146.76558323412 146.764437832314 
466 146.763867586708 146.765578323513 146.76443783231 
467 146.76387002625 146.765573444417 146.764437832306 
468 146.763872450171 146.765568596564 146.764437832302 
469 146.763874858604 146.765563779688 146.764437832298 
470 146.76387725168 146.765558993526 146.764437832295 
471 146.763879629529 146.765554237815 146.764437832291 
472 146.763881992281 146.7655495123 146.764437832288 
473 146.763884340064 146.765544816724 146.764437832284 
474 146.763886673003 146.765540150836 146.76443783228 
475 146.763888991223 146.765535514386 146.764437832277 
476 146.763891294847 146.765530907126 146.764437832274 
477 146.763893583999 146.765526328812 146.76443783227 
478 146.763895858799 146.765521779202 146.764437832267 
479 146.763898119367 146.765517258057 146.764437832264 
480 146.763900365821 146.765512765139 146.76443783226 
481 146.763902598278 146.765508300215 146.764437832257 
482 146.763904816855 146.765503863052 146.764437832254 
483 146.763907021666 146.76549945342 146.76443783225 
484 146.763909212825 146.765495071092 146.764437832247 
485 146.763911390444 146.765490715844 146.764437832244 
486 146.763913554636 146.765486387451 146.764437832241 
487 146.763915705509 146.765482085696 146.764437832238 
488 146.763917843174 146.765477810358 146.764437832235 
489 146.763919967737 146.765473561222 146.764437832232 
490 146.763922079306 146.765469338075 146.764437832229 
491 146.763924177987 146.765465140705 146.764437832226 
492 146.763926263883 146.765460968903 146.764437832223 
493 146.7639283371 146.765456822461 146.76443783222 
494 146.763930397739 146.765452701174 146.764437832217 
495 146.763932445902 146.76544860484 146.764437832215 
496 146.76393448169 146.765444533256 146.764437832212 
497 146.763936505201 146.765440486225 146.764437832209 
498 146.763938516535 146.765436463549 146.764437832206 
499 146.763940515789 146.765432465033 146.764437832204 
500 146.763942503059 146.765428490484 146.764437832201 
501 146.763944478441 146.765424539712 146.764437832198 
502 146.763946442031 146.765420612525 146.764437832196 
503 146.76394839392 146.765416708738 146.764437832193 
504 146.763950334203 146.765412828165 146.76443783219 
505 146.763952262971 146.765408970622 146.764437832188 
506 146.763954180315 146.765405135927 146.764437832185 
507 146.763956086324 146.7654013239 146.764437832183 
508 146.763957981089 146.765397534363 146.76443783218 
509 146.763959864697 146.765393767139 146.764437832178 
510 146.763961737237 146.765390022053 146.764437832175 
511 146.763963598793 146.765386298932 146.764437832173 
512 146.763965449453 146.765382597606 146.764437832171 
513 146.763967289301 146.765378917903 146.764437832168 
514 146.763969118421 146.765375259657 146.764437832166 
515 146.763970936896 146.765371622699 146.764437832164 
516 146.763972744808 146.765368006867 146.764437832161 
517 146.763974542241 146.765364411996 146.764437832159 
518 146.763976329273 146.765360837924 146.764437832157 
519 146.763978105986 146.765357284492 146.764437832155 
520 146.763979872458 146.76535375154 146.764437832152 
521 146.763981628769 146.765350238912 146.76443783215 
522 146.763983374996 146.765346746453 146.764437832148 
523 146.763985111215 146.765343274007 146.764437832146 
524 146.763986837504 146.765339821423 146.764437832144 
525 146.763988553938 146.765336388549 146.764437832142 
526 146.763990260592 146.765332975235 146.76443783214 
527 146.763991957539 146.765329581334 146.764437832137 
528 146.763993644854 146.765326206698 146.764437832135 
529 146.763995322609 146.765322851182 146.764437832133 
530 146.763996990877 146.765319514641 146.764437832131 
531 146.763998649728 146.765316196933 146.764437832129 
532 146.764000299233 146.765312897916 146.764437832127 
533 146.764001939463 146.76530961745 146.764437832125 
534 146.764003570487 146.765306355397 146.764437832124 
535 146.764005192374 146.765303111618 146.764437832122 
536 146.764006805191 146.765299885978 146.76443783212 
537 146.764008409006 146.765296678341 146.764437832118 
538 146.764010003887 146.765293488574 146.764437832116 
539 146.764011589899 146.765290316545 146.764437832114 
540 146.764013167108 146.765287162121 146.764437832112 
541 146.764014735579 146.765284025173 146.764437832111 
542 146.764016295377 146.765280905573 146.764437832109 
543 146.764017846564 146.765277803192 146.764437832107 
544 146.764019389206 146.765274717904 146.764437832105 
545 146.764020923363 146.765271649584 146.764437832103 
546 146.764022449099 146.765268598107 146.764437832102 
547 146.764023966475 146.76526556335 146.7644378321 
548 146.764025475551 146.765262545192 146.764437832098 
549 146.764026976389 146.765259543512 146.764437832097 
550 146.764028469048 146.765256558189 146.764437832095 
551 146.764029953587 146.765253589106 146.764437832093 
552 146.764031430066 146.765250636144 146.764437832092 
553 146.764032898541 146.765247699187 146.76443783209 
554 146.764034359072 146.765244778121 146.764437832088 
555 146.764035811716 146.765241872829 146.764437832087 
556 146.764037256528 146.765238983199 146.764437832085 
557 146.764038693566 146.765236109119 146.764437832084 
558 146.764040122884 146.765233250477 146.764437832082 
559 146.764041544539 146.765230407163 146.76443783208 
560 146.764042958585 146.765227579068 146.764437832079 
561 146.764044365075 146.765224766082 146.764437832077 
562 146.764045764065 146.765221968099 146.764437832076 
563 146.764047155606 146.765219185012 146.764437832074 
564 146.764048539752 146.765216416715 146.764437832073 
565 146.764049916555 146.765213663105 146.764437832072 
566 146.764051286067 146.765210924076 146.76443783207 
567 146.76405264834 146.765208199527 146.764437832069 
568 146.764054003423 146.765205489356 146.764437832067 
569 146.764055351369 146.765202793461 146.764437832066 
570 146.764056692226 146.765200111742 146.764437832065 
571 146.764058026044 146.765197444101 146.764437832063 
572 146.764059352873 146.765194790438 146.764437832062 
573 146.764060672762 146.765192150657 146.76443783206 
574 146.764061985758 146.765189524661 146.764437832059 
575 146.76406329191 146.765186912353 146.764437832058 
576 146.764064591265 146.76518431364 146.764437832056 
577 146.764065883869 146.765181728426 146.764437832055 
578 146.764067169771 146.765179156619 146.764437832054 
579 146.764068449016 146.765176598126 146.764437832052 
580 146.76406972165 146.765174052855 146.764437832051 
581 146.764070987718 146.765171520715 146.76443783205 
582 146.764072247265 146.765169001616 146.764437832049 
583 146.764073500337 146.765166495468 146.764437832047 
584 146.764074746977 146.765164002184 146.764437832046 
585 146.76407598723 146.765161521675 146.764437832045 
586 146.764077221139 146.765159053854 146.764437832044 
587 146.764078448747 146.765156598634 146.764437832043 
588 146.764079670097 146.76515415593 146.764437832041 
589 146.764080885231 146.765151725658 146.76443783204 
590 146.764082094193 146.765149307732 146.764437832039 
591 146.764083297022 146.76514690207 146.764437832038 
592 146.764084493761 146.765144508588 146.764437832037 
593 146.764085684451 146.765142127204 146.764437832036 
594 146.764086869133 146.765139757838 146.764437832034 
595 146.764088047846 146.765137400407 146.764437832033 
596 146.764089220631 146.765135054834 146.764437832032 
597 146.764090387528 146.765132721037 146.764437832031 
598 146.764091548576 146.765130398938 146.76443783203 
599 146.764092703813 146.76512808846 146.764437832029 
600 146.76409385328 146.765125789524 146.764437832028 
601 146.764094997013 146.765123502054 146.764437832027 
602 146.764096135051 146.765121225974 146.764437832026 
603 146.764097267433 146.765118961209 146.764437832025 
604 146.764098394194 146.765116707683 146.764437832023 
605 146.764099515373 146.765114465322 146.764437832023 
606 146.764100631006 146.765112234053 146.764437832021 
607 146.76410174113 146.765110013802 146.76443783202 
608 146.76410284578 146.765107804498 146.764437832019 
609 146.764103944994 146.765105606068 146.764437832018 
610 146.764105038806 146.765103418441 146.764437832017 
611 146.764106127252 146.765101241546 146.764437832016 
612 146.764107210366 146.765099075314 146.764437832015 
613 146.764108288185 146.765096919674 146.764437832014 
614 146.764109360741 146.765094774558 146.764437832014 
615 146.76411042807 146.765092639898 146.764437832013 
616 146.764111490205 146.765090515626 146.764437832012 
617 146.764112547179 146.765088401674 146.764437832011 
618 146.764113599027 146.765086297975 146.76443783201 
619 146.764114645781 146.765084204464 146.764437832009 
620 146.764115687475 146.765082121074 146.764437832008 
621 146.76411672414 146.765080047741 146.764437832007 
622 146.764117755809 146.7650779844 146.764437832006 
623 146.764118782514 146.765075930987 146.764437832005 
624 146.764119804288 146.765073887438 146.764437832004 
625 146.76412082116 146.76507185369 146.764437832003 
626 146.764121833163 146.765069829681 146.764437832003 
627 146.764122840328 146.765067815348 146.764437832002 
628 146.764123842686 146.765065810631 146.764437832001 
629 146.764124840267 146.765063815467 146.764437832 
630 146.764125833101 146.765061829796 146.764437831999 
631 146.764126821218 146.765059853559 146.764437831998 
632 146.764127804649 146.765057886694 146.764437831997 
633 146.764128783423 146.765055929144 146.764437831997 
634 146.764129757569 146.76505398085 146.764437831996 
635 146.764130727116 146.765052041753 146.764437831995 
636 146.764131692094 146.765050111796 146.764437831994 
637 146.76413265253 146.76504819092 146.764437831993 
638 146.764133608454 146.76504627907 146.764437831993 
639 146.764134559893 146.765044376189 146.764437831992 
640 146.764135506877 146.76504248222 146.764437831991 
641 146.764136449431 146.765040597108 146.76443783199 
642 146.764137387585 146.765038720799 146.764437831989 
643 146.764138321365 146.765036853237 146.764437831989 
644 146.764139250798 146.765034994368 146.764437831988 
645 146.764140175912 146.765033144138 146.764437831987 
646 146.764141096733 146.765031302494 146.764437831986 
647 146.764142013287 146.765029469383 146.764437831986 
648 146.764142925602 146.765027644752 146.764437831985 
649 146.764143833702 146.765025828548 146.764437831984 
650 146.764144737615 146.765024020721 146.764437831984 
651 146.764145637365 146.765022221218 146.764437831983 
652 146.764146532979 146.765020429989 146.764437831982 
653 146.764147424481 146.765018646983 146.764437831982 
654 146.764148311897 146.765016872149 146.764437831981 
655 146.764149195251 146.765015105438 146.76443783198 
656 146.764150074569 146.7650133468 146.764437831979 
657 146.764150949874 146.765011596187 146.764437831979 
658 146.764151821192 146.765009853549 146.764437831978 
659 146.764152688547 146.765008118838 146.764437831977 
660 146.764153551962 146.765006392006 146.764437831977 
661 146.764154411461 146.765004673006 146.764437831976 
662 146.764155267068 146.76500296179 146.764437831975 
663 146.764156118807 146.765001258311 146.764437831975 
664 146.7641569667 146.764999562522 146.764437831974 
665 146.764157810771 146.764997874378 146.764437831973 
666 146.764158651043 146.764996193833 146.764437831973 
667 146.764159487538 146.764994520841 146.764437831972 
668 146.764160320279 146.764992855356 146.764437831972 
669 146.764161149289 146.764991197334 146.764437831971 
670 146.76416197459 146.764989546731 146.76443783197 
671 146.764162796203 146.764987903502 146.76443783197 
672 146.764163614152 146.764986267603 146.764437831969 
673 146.764164428457 146.764984638991 146.764437831968 
674 146.76416523914 146.764983017623 146.764437831968 
675 146.764166046223 146.764981403456 146.764437831967 
676 146.764166849727 146.764979796447 146.764437831967 
677 146.764167649672 146.764978196553 146.764437831966 
678 146.764168446081 146.764976603734 146.764437831965 
679 146.764169238974 146.764975017947 146.764437831965 
680 146.764170028371 146.76497343915 146.764437831964 
681 146.764170814293 146.764971867304 146.764437831964 
682 146.764171596761 146.764970302367 146.764437831963 
683 146.764172375794 146.764968744299 146.764437831963 
684 146.764173151413 146.764967193059 146.764437831962 
685 146.764173923638 146.764965648608 146.764437831961 
686 146.764174692488 146.764964110907 146.764437831961 
687 146.764175457983 146.764962579915 146.76443783196 
688 146.764176220143 146.764961055594 146.76443783196 
689 146.764176978986 146.764959537906 146.764437831959 
690 146.764177734532 146.764958026811 146.764437831959 
691 146.764178486801 146.764956522273 146.764437831958 
692 146.764179235811 146.764955024252 146.764437831958 
693 146.76417998158 146.764953532711 146.764437831957 
694 146.764180724128 146.764952047613 146.764437831957 
695 146.764181463474 146.764950568921 146.764437831956 
696 146.764182199634 146.764949096598 146.764437831956 
697 146.764182932629 146.764947630608 146.764437831955 
698 146.764183662475 146.764946170914 146.764437831955 
699 146.764184389191 146.76494471748 146.764437831954 
700 146.764185112795 146.764943270271 146.764437831954 
701 146.764185833304 146.764941829251 146.764437831953 
702 146.764186550736 146.764940394385 146.764437831953 
703 146.764187265109 146.764938965637 146.764437831952 
704 146.76418797644 146.764937542974 146.764437831951 
705 146.764188684747 146.76493612636 146.764437831951 
706 146.764189390045 146.764934715762 146.764437831951 
707 146.764190092353 146.764933311144 146.76443783195 
708 146.764190791687 146.764931912475 146.76443783195 
709 146.764191488064 146.764930519719 146.764437831949 
710 146.764192181501 146.764929132845 146.764437831949 
711 146.764192872014 146.764927751818 146.764437831948 
712 146.764193559619 146.764926376605 146.764437831948 
713 146.764194244334 146.764925007175 146.764437831947 
714 146.764194926173 146.764923643495 146.764437831947 
715 146.764195605154 146.764922285532 146.764437831946 
716 146.764196281291 146.764920933256 146.764437831946 
717 146.764196954602 146.764919586633 146.764437831946 
718 146.764197625101 146.764918245633 146.764437831945 
719 146.764198292805 146.764916910225 146.764437831945 
720 146.764198957728 146.764915580377 146.764437831944 
721 146.764199619887 146.764914256058 146.764437831944 
722 146.764200279296 146.764912937238 146.764437831943 
723 146.764200935971 146.764911623887 146.764437831943 
724 146.764201589927 146.764910315974 146.764437831943 
725 146.764202241179 146.764909013469 146.764437831942 
726 146.764202889741 146.764907716343 146.764437831942 
727 146.764203535629 146.764906424566 146.764437831941 
728 146.764204178857 146.764905138108 146.764437831941 
729 146.76420481944 146.764903856941 146.764437831941 
730 146.764205457393 146.764902581035 146.76443783194 
731 146.764206092728 146.764901310362 146.76443783194 
732 146.764206725462 146.764900044893 146.764437831939 
733 146.764207355608 146.7648987846 146.764437831939 
734 146.764207983181 146.764897529454 146.764437831939 
735 146.764208608193 146.764896279428 146.764437831938 
736 146.76420923066 146.764895034494 146.764437831938 
737 146.764209850594 146.764893794624 146.764437831937 
738 146.76421046801 146.764892559791 146.764437831937 
739 146.764211082922 146.764891329966 146.764437831937 
740 146.764211695342 146.764890105125 146.764437831936 
741 146.764212305284 146.764888885239 146.764437831936 
742 146.764212912763 146.764887670281 146.764437831935 
743 146.764213517789 146.764886460226 146.764437831935 
744 146.764214120378 146.764885255047 146.764437831935 
745 146.764214720542 146.764884054718 146.764437831935 
746 146.764215318295 146.764882859213 146.764437831934 
747 146.764215913648 146.764881668505 146.764437831934 
748 146.764216506615 146.76488048257 146.764437831933 
749 146.764217097208 146.764879301382 146.764437831933 
750 146.764217685441 146.764878124916 146.764437831932 
751 146.764218271325 146.764876953146 146.764437831932 
752 146.764218854874 146.764875786047 146.764437831932 
753 146.7642194361 146.764874623595 146.764437831932 
754 146.764220015014 146.764873465766 146.764437831931 
755 146.764220591629 146.764872312533 146.764437831931 
756 146.764221165959 146.764871163875 146.764437831931 
757 146.764221738013 146.764870019765 146.76443783193 
758 146.764222307804 146.76486888018 146.76443783193 
759 146.764222875346 146.764867745097 146.76443783193 
760 146.764223440648 146.764866614491 146.764437831929 
761 146.764224003723 146.76486548834 146.764437831929 
762 146.764224564583 146.764864366619 146.764437831929 
763 146.764225123239 146.764863249306 146.764437831928 
764 146.764225679703 146.764862136377 146.764437831928 
765 146.764226233986 146.76486102781 146.764437831928 
766 146.7642267861 146.764859923582 146.764437831927 
767 146.764227336056 146.764858823669 146.764437831927 
768 146.764227883864 146.764857728051 146.764437831927 
769 146.764228429537 146.764856636704 146.764437831926 
770 146.764228973086 146.764855549606 146.764437831926 
771 146.764229514521 146.764854466736 146.764437831926 
772 146.764230053853 146.76485338807 146.764437831925 
773 146.764230591093 146.764852313589 146.764437831925 
774 146.764231126253 146.764851243269 146.764437831925 
775 146.764231659342 146.76485017709 146.764437831925 
776 146.764232190371 146.76484911503 146.764437831924 
777 146.764232719352 146.764848057068 146.764437831924 
778 146.764233246294 146.764847003182 146.764437831924 
779 146.764233771208 146.764845953353 146.764437831923 
780 146.764234294105 146.764844907559 146.764437831923 
781 146.764234814994 146.76484386578 146.764437831923 
782 146.764235333886 146.764842827995 146.764437831922 
783 146.764235850792 146.764841794183 146.764437831922 
784 146.764236365721 146.764840764325 146.764437831922 
785 146.764236878683 146.764839738399 146.764437831922 
786 146.764237389688 146.764838716387 146.764437831921 
787 146.764237898747 146.764837698269 146.764437831921 
788 146.764238405869 146.764836684024 146.764437831921 
789 146.764238911064 146.764835673633 146.764437831921 
790 146.764239414342 146.764834667077 146.76443783192 
791 146.764239915712 146.764833664336 146.76443783192 
792 146.764240415184 146.764832665391 146.76443783192 
793 146.764240912768 146.764831670222 146.764437831919 
794 146.764241408473 146.764830678811 146.764437831919 
795 146.764241902309 146.764829691139 146.764437831919 
796 146.764242394284 146.764828707187 146.764437831919 
797 146.764242884409 146.764827726936 146.764437831918 
798 146.764243372693 146.764826750368 146.764437831918 
799 146.764243859144 146.764825777465 146.764437831918 
800 146.764244343773 146.764824808207 146.764437831918 
801 146.764244826587 146.764823842578 146.764437831917 
802 146.764245307596 146.764822880558 146.764437831917 
803 146.76424578681 146.764821922131 146.764437831917 
804 146.764246264236 146.764820967277 146.764437831916 
805 146.764246739885 146.76482001598 146.764437831916 
806 146.764247213764 146.764819068221 146.764437831916 
807 146.764247685882 146.764818123983 146.764437831916 
808 146.764248156249 146.764817183249 146.764437831916 
809 146.764248624872 146.764816246001 146.764437831915 
810 146.764249091762 146.764815312222 146.764437831915 
811 146.764249556925 146.764814381896 146.764437831915 
812 146.76425002037 146.764813455004 146.764437831915 
813 146.764250482106 146.764812531531 146.764437831914 
814 146.764250942142 146.764811611459 146.764437831914 
815 146.764251400485 146.764810694772 146.764437831914 
816 146.764251857144 146.764809781452 146.764437831914 
817 146.764252312128 146.764808871485 146.764437831913 
818 146.764252765444 146.764807964852 146.764437831913 
819 146.7642532171 146.764807061539 146.764437831913 
820 146.764253667105 146.764806161528 146.764437831913 
821 146.764254115467 146.764805264804 146.764437831912 
822 146.764254562193 146.764804371351 146.764437831912 
823 146.764255007292 146.764803481153 146.764437831912 
824 146.764255450771 146.764802594194 146.764437831912 
825 146.764255892639 146.764801710457 146.764437831912 
826 146.764256332902 146.764800829929 146.764437831911 
827 146.76425677157 146.764799952593 146.764437831911 
828 146.764257208649 146.764799078434 146.764437831911 
829 146.764257644148 146.764798207437 146.764437831911 
830 146.764258078073 146.764797339585 146.764437831911 
831 146.764258510433 146.764796474865 146.76443783191 
832 146.764258941235 146.764795613261 146.76443783191 
833 146.764259370486 146.764794754758 146.76443783191 
834 146.764259798194 146.764793899342 146.76443783191 
835 146.764260224366 146.764793046996 146.76443783191 
836 146.76426064901 146.764792197708 146.764437831909 
837 146.764261072133 146.764791351462 146.764437831909 
838 146.764261493741 146.764790508244 146.764437831909 
839 146.764261913844 146.764789668039 146.764437831909 
840 146.764262332447 146.764788830832 146.764437831909 
841 146.764262749557 146.764787996611 146.764437831908 
842 146.764263165182 146.76478716536 146.764437831908 
843 146.764263579329 146.764786337066 146.764437831908 
844 146.764263992005 146.764785511714 146.764437831908 
845 146.764264403216 146.76478468929 146.764437831908 
846 146.76426481297 146.764783869781 146.764437831907 
847 146.764265221274 146.764783053173 146.764437831907 
848 146.764265628134 146.764782239452 146.764437831907 
849 146.764266033558 146.764781428605 146.764437831907 
850 146.764266437551 146.764780620618 146.764437831907 
851 146.764266840121 146.764779815478 146.764437831906 
852 146.764267241274 146.764779013171 146.764437831906 
853 146.764267641017 146.764778213684 146.764437831906 
854 146.764268039357 146.764777417004 146.764437831906 
855 146.764268436299 146.764776623118 146.764437831906 
856 146.764268831852 146.764775832012 146.764437831906 
857 146.764269226021 146.764775043674 146.764437831905 
858 146.764269618812 146.764774258091 146.764437831905 
859 146.764270010232 146.76477347525 146.764437831905 
860 146.764270400288 146.764772695138 146.764437831905 
861 146.764270788985 146.764771917743 146.764437831905 
862 146.764271176331 146.764771143052 146.764437831904 
863 146.76427156233 146.764770371052 146.764437831904 
864 146.76427194699 146.764769601731 146.764437831904 
865 146.764272330317 146.764768835077 146.764437831904 
866 146.764272712317 146.764768071077 146.764437831904 
867 146.764273092996 146.764767309719 146.764437831903 
868 146.764273472359 146.764766550991 146.764437831903 
869 146.764273850414 146.764765794881 146.764437831903 
870 146.764274227166 146.764765041377 146.764437831903 
871 146.764274602621 146.764764290466 146.764437831903 
872 146.764274976785 146.764763542138 146.764437831903 
873 146.764275349664 146.764762796379 146.764437831903 
874 146.764275721264 146.764762053179 146.764437831902 
875 146.764276091591 146.764761312526 146.764437831902 
876 146.764276460649 146.764760574407 146.764437831902 
877 146.764276828447 146.764759838812 146.764437831902 
878 146.764277194988 146.764759105729 146.764437831902 
879 146.764277560279 146.764758375147 146.764437831902 
880 146.764277924325 146.764757647054 146.764437831901 
881 146.764278287133 146.764756921438 146.764437831901 
882 146.764278648707 146.76475619829 146.764437831901 
883 146.764279009053 146.764755477597 146.764437831901 
884 146.764279368177 146.764754759348 146.764437831901 
885 146.764279726085 146.764754043533 146.764437831901 
886 146.764280082781 146.76475333014 146.7644378319 
887 146.764280438271 146.764752619158 146.7644378319 
888 146.764280792562 146.764751910577 146.7644378319 
889 146.764281145657 146.764751204386 146.7644378319 
890 146.764281497562 146.764750500574 146.7644378319 
891 146.764281848284 146.764749799131 146.7644378319 
892 146.764282197827 146.764749100045 146.764437831899 
893 146.764282546196 146.764748403306 146.764437831899 
894 146.764282893397 146.764747708904 146.764437831899 
895 146.764283239434 146.764747016829 146.764437831899 
896 146.764283584314 146.764746327069 146.764437831899 
897 146.764283928041 146.764745639615 146.764437831899 
898 146.76428427062 146.764744954457 146.764437831899 
899 146.764284612056 146.764744271583 146.764437831899 
900 146.764284952355 146.764743590985 146.764437831898 
901 146.764285291522 146.764742912651 146.764437831898 
902 146.764285629561 146.764742236572 146.764437831898 
903 146.764285966478 146.764741562738 146.764437831898 
904 146.764286302277 146.764740891139 146.764437831898 
905 146.764286636964 146.764740221765 146.764437831898 
906 146.764286970543 146.764739554607 146.764437831898 
907 146.764287303019 146.764738889653 146.764437831897 
908 146.764287634398 146.764738226896 146.764437831897 
909 146.764287964683 146.764737566325 146.764437831897 
910 146.764288293881 146.76473690793 146.764437831897 
911 146.764288621994 146.764736251702 146.764437831897 
912 146.764288949029 146.764735597631 146.764437831897 
913 146.76428927499 146.764734945709 146.764437831897 
914 146.764289599882 146.764734295925 146.764437831896 
915 146.764289923709 146.764733648271 146.764437831896 
916 146.764290246476 146.764733002736 146.764437831896 
917 146.764290568188 146.764732359312 146.764437831896 
918 146.764290888849 146.76473171799 146.764437831896 
919 146.764291208464 146.76473107876 146.764437831896 
920 146.764291527037 146.764730441614 146.764437831896 
921 146.764291844572 146.764729806541 146.764437831896 
922 146.764292161076 146.764729173534 146.764437831896 
923 146.764292476551 146.764728542584 146.764437831895 
924 146.764292791003 146.764727913681 146.764437831895 
925 146.764293104435 146.764727286816 146.764437831895 
926 146.764293416852 146.764726661981 146.764437831895 
927 146.764293728259 146.764726039167 146.764437831895 
928 146.764294038659 146.764725418366 146.764437831895 
929 146.764294348058 146.764724799568 146.764437831895 
930 146.764294656459 146.764724182765 146.764437831894 
931 146.764294963867 146.764723567949 146.764437831894 
932 146.764295270286 146.76472295511 146.764437831894 
933 146.76429557572 146.764722344242 146.764437831894 
934 146.764295880174 146.764721735334 146.764437831894 
935 146.764296183651 146.764721128379 146.764437831894 
936 146.764296486157 146.764720523368 146.764437831894 
937 146.764296787694 146.764719920293 146.764437831894 
938 146.764297088267 146.764719319146 146.764437831893 
939 146.764297387881 146.764718719918 146.764437831893 
940 146.764297686539 146.764718122602 146.764437831893 
941 146.764297984245 146.76471752719 146.764437831893 
942 146.764298281003 146.764716933672 146.764437831893 
943 146.764298576819 146.764716342042 146.764437831893 
944 146.764298871694 146.764715752291 146.764437831893 
945 146.764299165634 146.764715164411 146.764437831893 
946 146.764299458642 146.764714578394 146.764437831893 
947 146.764299750722 146.764713994233 146.764437831892 
948 146.764300041879 146.764713411919 146.764437831892 
949 146.764300332116 146.764712831446 146.764437831892 
950 146.764300621436 146.764712252804 146.764437831892 
951 146.764300909845 146.764711675987 146.764437831892 
952 146.764301197345 146.764711100987 146.764437831892 
953 146.76430148394 146.764710527795 146.764437831892 
954 146.764301769635 146.764709956406 146.764437831892 
955 146.764302054433 146.76470938681 146.764437831892 
956 146.764302338337 146.764708819001 146.764437831892 
957 146.764302621352 146.764708252971 146.764437831891 
958 146.764302903481 146.764707688712 146.764437831891 
959 146.764303184728 146.764707126217 146.764437831891 
960 146.764303465097 146.76470656548 146.764437831891 
961 146.764303744591 146.764706006492 146.764437831891 
962 146.764304023213 146.764705449246 146.764437831891 
963 146.764304300968 146.764704893736 146.764437831891 
964 146.764304577859 146.764704339953 146.764437831891 
965 146.76430485389 146.764703787891 146.764437831891 
966 146.764305129064 146.764703237543 146.76443783189 
967 146.764305403385 146.764702688901 146.76443783189 
968 146.764305676856 146.764702141959 146.76443783189 
969 146.764305949481 146.764701596708 146.76443783189 
970 146.764306221263 146.764701053144 146.76443783189 
971 146.764306492206 146.764700511258 146.76443783189 
972 146.764306762313 146.764699971044 146.76443783189 
973 146.764307031588 146.764699432494 146.76443783189 
974 146.764307300033 146.764698895602 146.76443783189 
975 146.764307567653 146.764698360362 146.76443783189 
976 146.764307834452 146.764697826766 146.76443783189 
977 146.764308100431 146.764697294807 146.764437831889 
978 146.764308365594 146.76469676448 146.764437831889 
979 146.764308629946 146.764696235776 146.764437831889 
980 146.764308893489 146.764695708691 146.764437831889 
981 146.764309156226 146.764695183216 146.764437831889 
982 146.764309418161 146.764694659346 146.764437831889 
983 146.764309679297 146.764694137074 146.764437831889 
984 146.764309939637 146.764693616393 146.764437831889 
985 146.764310199184 146.764693097297 146.764437831889 
986 146.764310457943 146.764692579781 146.764437831889 
987 146.764310715915 146.764692063836 146.764437831889 
988 146.764310973104 146.764691549457 146.764437831889 
989 146.764311229514 146.764691036637 146.764437831888 
990 146.764311485147 146.764690525371 146.764437831888 
991 146.764311740006 146.764690015651 146.764437831888 
992 146.764311994096 146.764689507473 146.764437831888 
993 146.764312247418 146.764689000829 146.764437831888 
994 146.764312499975 146.764688495713 146.764437831888 
995 146.764312751772 146.76468799212 146.764437831888 
996 146.764313002811 146.764687490042 146.764437831888 
997 146.764313253094 146.764686989474 146.764437831888 
998 146.764313502626 146.764686490411 146.764437831888 
999 146.764313751409 146.764685992845 146.764437831888 
1000 146.764313999445 146.764685496772 146.764437831888 
